Company,Shares,Avg Price (₹),Market Price (₹),Return (%),Invested Value (₹),Current Value (₹),Profit/Loss (₹)
Vedanta,130,448.50,446.60,0.42,58305.00,58058.00,-247.00
Hindustan Zinc,120,442.04,428.85,2.98,53044.80,51462.00,-1582.80
Coal India,110,390.72,384.70,1.54,42979.20,42317.00,-662.20
Rail Vikas Nigam,76,385.15,329.85,14.36,29271.40,25068.60,-4202.80
HPCL,50,418.95,392.95,6.21,20947.50,19647.50,-1300.00
Power Grid Corp,30,290.32,288.00,0.80,8709.60,8640.00,-69.60
Power Finance Corp,20,411.70,405.10,1.60,8234.00,8102.00,-132.00
IOCL,50,143.28,141.90,0.96,7164.00,7095.00,-69.00
IRFC,50,139.20,126.81,8.90,6960.00,6340.50,-619.50
ONGC,20,237.80,237.56,0.10,4756.00,4751.20,-4.80
Capital Infra,50,77.85,81.00,4.05,3892.50,4050.00,157.50
IRBINVIT,50,54.74,63.40,2737.00,3170.00,433.00
RattanIndia Power,210,13.23,12.56,2778.30,2637.60,-140.70
Vodafone Idea,225,7.17,6.82,1613.25,1534.50,-78.75
HPCL,30,402.38,393.10,12071.40,11793.00,-278.40
NTPC Green Energy,100,122.88,104.50,12288.00,10450.00,-1838.00
Urja Global,700,22.83,13.90,15981.00,9730.00,-6251.00
Coal India,20,396.40,384.75,7928.00,7695.00,-233.00
Hindustan Zinc,10,414.45,428.65,4144.50,4286.50,142.00
Mishtann Foods,600,7.72,6.06,4632.00,3636.00,-996.00
Rail Vikas Nigam,10,338.30,329.80,3383.00,3298.00,-85.00
Vedanta,5,429.00,447.70,2145.00,2238.50,93.50
GTL Infrastructure,1200,2.32,1.51,2784.00,1812.00,-972.00
ICICI Prud Nifty 100 ETF,52,29.48,28.56,1532.96,1485.12,-47.84
Orient Green Power,100,21.12,14.37,2112.00,1437.00,-675.00
Jindal Worldwide,10,54.70,36.88,-32.58,547.00,368.80,-178.20
Seven Hill Indus,47,0.95,0.52,-45.26,44.65,24.44,-20.21